1 3.75e-09 4.17e-09 2.92e-09 2.92e-09 2.5e-09 7.5e-09
5 8.5e-08 6.458e-08 9.708e-08 4.0541e-07 2.4125e-07 7.209e-08
9 2.6167e-07 1.3833e-07 2.7333e-07 7.8834e-07 4.4667e-07 1.325e-07
13 5.1167e-07 2.2042e-07 6.5375e-07 1.2675e-06 7.0708e-07 2.2458e-07
17 8.8583e-07 3.425e-07 7.0875e-07 1.68458e-06 9.1084e-07 6.5875e-07
21 1.25292e-06 5.4834e-07 9.9958e-07 2.1525e-06 1.16958e-06 5.0959e-07
25 1.77584e-06 5.725e-07 1.33292e-06 2.59e-06 1.4375e-06 8.3792e-07
29 1.68083e-06 5.475e-07 1.28291e-06 2.34708e-06 1.48875e-06 5.875e-07
33 2.15583e-06 6.75e-07 1.55416e-06 2.78833e-06 1.52875e-06 7.1375e-07
37 2.61042e-06 8.3e-07 1.85125e-06 3.20333e-06 1.66e-06 7.8875e-07
41 3.46042e-06 1.09833e-06 2.51833e-06 3.38834e-06 2.23792e-06 1.10666e-06
45 3.20708e-06 9.9583e-07 2.51625e-06 2.97459e-06 1.61167e-06 7.7166e-07
49 3.37583e-06 1.0775e-06 2.17542e-06 2.99333e-06 1.80666e-06 1.14625e-06
53 8.20458e-06 1.23917e-06 2.55167e-06 3.33834e-06 2.55084e-06 2.07208e-06
57 9.32375e-06 2.25667e-06 4.68917e-06 4.91084e-06 3.46875e-06 1.89333e-06
61 6.7275e-06 2.10208e-06 4.23125e-06 5.45208e-06 3.47166e-06 2.05541e-06
65 9.81625e-06 2.34125e-06 4.08083e-06 4.43e-06 3.2475e-06 1.90542e-06
69 9.08125e-06 2.18625e-06 4.45583e-06 5.19333e-06 3.54666e-06 2.00791e-06
73 9.49208e-06 2.43959e-06 4.87333e-06 5.5625e-06 3.45084e-06 1.85958e-06
77 9.62667e-06 2.34292e-06 4.59917e-06 5.11125e-06 3.31209e-06 2.08292e-06
81 1.0385e-05 2.5475e-06 4.87292e-06 5.43209e-06 3.51167e-06 2.20042e-06
85 1.14729e-05 2.8675e-06 4.85917e-06 5.12e-06 3.38667e-06 2.00667e-06
89 1.11104e-05 2.74917e-06 5.1575e-06 6.47958e-06 3.82458e-06 2.15667e-06
93 1.20233e-05 2.79334e-06 4.94042e-06 5.27458e-06 3.46166e-06 2.15e-06
97 1.18108e-05 3.045e-06 5.52458e-06 5.10375e-06 3.41875e-06 2.23083e-06
101 1.17596e-05 3.06916e-06 5.44917e-06 5.28125e-06 3.92708e-06 2.14792e-06
105 1.21821e-05 4.15542e-06 5.49042e-06 5.28833e-06 3.49583e-06 2.12125e-06
109 1.25575e-05 3.35292e-06 5.68541e-06 5.4525e-06 3.7075e-06 2.22167e-06
113 1.25917e-05 3.47875e-06 5.69875e-06 5.4375e-06 3.60958e-06 2.21541e-06
117 1.37225e-05 3.70375e-06 6.07041e-06 5.43833e-06 3.59292e-06 2.20125e-06
121 1.35321e-05 3.87834e-06 6.085e-06 5.97125e-06 3.70958e-06 2.29333e-06
125 1.41629e-05 3.89042e-06 6.23333e-06 5.61e-06 3.64875e-06 2.425e-06
129 1.4725e-05 4.19333e-06 6.87875e-06 5.74458e-06 3.72958e-06 2.27125e-06
133 1.45962e-05 4.18625e-06 6.55917e-06 5.66833e-06 3.84333e-06 2.35708e-06
137 1.49392e-05 4.4775e-06 6.77e-06 5.73333e-06 3.93375e-06 2.37958e-06
141 1.536e-05 4.60625e-06 6.93375e-06 5.83875e-06 3.99083e-06 2.3875e-06
145 1.58762e-05 4.8375e-06 7.10958e-06 5.85708e-06 3.94125e-06 2.41375e-06
149 1.63167e-05 5.05416e-06 7.29667e-06 6.44584e-06 3.95416e-06 2.61083e-06
153 1.69825e-05 5.18583e-06 7.3625e-06 6.19542e-06 3.98459e-06 2.57e-06
157 1.70871e-05 5.57583e-06 7.67083e-06 5.98333e-06 4.04458e-06 2.54958e-06
161 1.77121e-05 5.6975e-06 7.86792e-06 6.41459e-06 4.11709e-06 2.66667e-06
165 1.81225e-05 5.99833e-06 8.18208e-06 6.74208e-06 4.24417e-06 2.69708e-06
169 1.87954e-05 6.39291e-06 8.68333e-06 6.85458e-06 4.39417e-06 2.76e-06
173 1.95004e-05 6.86917e-06 8.93042e-06 6.70167e-06 4.53833e-06 2.83667e-06
177 2.03133e-05 6.96375e-06 9.21875e-06 6.8925e-06 4.5625e-06 3.05375e-06
181 2.1955e-05 7.29375e-06 9.48667e-06 7.05375e-06 4.76666e-06 2.99833e-06
185 2.18258e-05 7.6425e-06 9.75125e-06 7.2825e-06 4.80041e-06 3.21417e-06
189 2.25708e-05 8.1725e-06 1.01825e-05 7.60375e-06 5.055e-06 3.165e-06
193 2.35775e-05 8.48125e-06 1.05146e-05 7.75e-06 5.07334e-06 3.22166e-06
197 2.49442e-05 8.78541e-06 1.08467e-05 7.845e-06 5.16084e-06 3.33e-06
