1 1.541e-08 1.458e-08 1.458e-08 1.459e-08 1.417e-08 1.5958e-07
5 3.1292e-07 2.6167e-07 2.9583e-07 2.595e-06 5.5542e-07 5.5458e-07
9 9.9084e-07 6.8208e-07 8e-07 5.25917e-06 1.09125e-06 1.0075e-06
13 1.4625e-06 9.0625e-07 1.08042e-06 5.87083e-06 1.29167e-06 1.10166e-06
17 2.78958e-06 1.34792e-06 1.49875e-06 6.96458e-06 1.60583e-06 1.70042e-06
21 3.6075e-06 1.76792e-06 2.05875e-06 9.0725e-06 2.2875e-06 3.43e-06
25 4.07125e-06 2.2475e-06 2.40375e-06 1.05429e-05 3.35625e-06 3.48833e-06
29 8.59917e-06 3.64417e-06 5.01709e-06 9.82042e-06 3.38292e-06 3.52291e-06
33 9.02834e-06 3.76334e-06 5.4e-06 1.06112e-05 3.87292e-06 4.04167e-06
37 9.78458e-06 3.86666e-06 5.41917e-06 1.03121e-05 3.72125e-06 4.00667e-06
41 1.15646e-05 4.77083e-06 6.29792e-06 9.89e-06 3.86666e-06 3.75792e-06
45 1.18221e-05 4.80584e-06 6.50208e-06 1.10204e-05 4.10583e-06 3.84125e-06
49 1.23342e-05 5.16125e-06 5.99125e-06 1.093e-05 4.185e-06 4.27041e-06
53 1.38696e-05 5.455e-06 7.13666e-06 1.12092e-05 4.47166e-06 4.4475e-06
57 1.50708e-05 5.81334e-06 7.47125e-06 1.11267e-05 4.37625e-06 4.45875e-06
61 1.60846e-05 6.64708e-06 8.1625e-06 1.12654e-05 4.40583e-06 4.62625e-06
65 1.73963e-05 8.21e-06 8.61958e-06 1.15529e-05 4.52916e-06 4.75916e-06
69 1.81442e-05 7.39167e-06 8.37667e-06 1.16987e-05 4.68e-06 4.72291e-06
73 1.88167e-05 7.92542e-06 8.98625e-06 1.19762e-05 4.81e-06 4.95625e-06
77 2.0465e-05 8.32875e-06 9.63709e-06 1.14612e-05 4.8725e-06 4.66958e-06
81 2.03083e-05 8.76709e-06 1.06387e-05 1.25704e-05 4.96834e-06 5.15709e-06
85 2.252e-05 9.61084e-06 1.15621e-05 1.29029e-05 5.17375e-06 5.44083e-06
89 2.37654e-05 1.07213e-05 1.17225e-05 1.31967e-05 5.32167e-06 5.41917e-06
93 2.5125e-05 1.03846e-05 1.22308e-05 1.32012e-05 5.29792e-06 5.58375e-06
97 2.59217e-05 1.09737e-05 1.19021e-05 1.37675e-05 5.74375e-06 6.06291e-06
101 2.78162e-05 1.28825e-05 1.39792e-05 1.46775e-05 5.895e-06 6.09083e-06
105 3.01754e-05 1.26233e-05 1.36779e-05 1.51187e-05 6.24834e-06 6.48208e-06
109 3.21208e-05 1.37246e-05 1.60821e-05 1.58512e-05 7.11333e-06 6.63584e-06
113 3.42142e-05 1.537e-05 1.727e-05 1.65879e-05 6.77833e-06 7.06666e-06
117 3.66354e-05 1.55821e-05 1.83583e-05 1.7375e-05 7.09e-06 7.32792e-06
121 3.87754e-05 1.63883e-05 1.95254e-05 1.79637e-05 7.45375e-06 7.46041e-06
125 4.11875e-05 1.76279e-05 1.94042e-05 1.84113e-05 7.73583e-06 8.08958e-06
129 4.42938e-05 1.86312e-05 2.1875e-05 1.91758e-05 7.91792e-06 7.99583e-06
133 4.53567e-05 1.98254e-05 2.31063e-05 1.99079e-05 8.25917e-06 8.48167e-06
137 4.92654e-05 2.13171e-05 2.45912e-05 2.04379e-05 8.54125e-06 8.92917e-06
141 5.12525e-05 2.25321e-05 2.57233e-05 2.13858e-05 8.75584e-06 9.13958e-06
145 5.45742e-05 2.38608e-05 2.64529e-05 2.16458e-05 9.08917e-06 9.31209e-06
149 5.75767e-05 2.49042e-05 2.67108e-05 2.22721e-05 9.47875e-06 1.01021e-05
153 6.06471e-05 2.62958e-05 2.9785e-05 2.33392e-05 9.70834e-06 1.01862e-05
157 6.39417e-05 2.80862e-05 3.10842e-05 2.34796e-05 1.00004e-05 1.03404e-05
161 6.59838e-05 2.90725e-05 2.98583e-05 2.42396e-05 1.02125e-05 1.048e-05
165 6.87625e-05 3.07192e-05 3.38329e-05 2.51075e-05 1.0665e-05 1.0975e-05
169 7.22529e-05 3.22963e-05 3.56117e-05 2.59458e-05 1.10492e-05 1.16629e-05
173 7.62438e-05 3.37667e-05 3.70033e-05 2.63017e-05 1.11821e-05 1.15642e-05
177 7.86767e-05 3.50467e-05 3.80379e-05 2.70292e-05 1.15942e-05 1.19754e-05
181 7.96575e-05 3.62208e-05 4.06304e-05 2.76583e-05 1.16792e-05 1.23754e-05
185 8.58433e-05 3.76862e-05 4.219e-05 2.82429e-05 1.23092e-05 1.2725e-05
189 8.93996e-05 3.99421e-05 4.38671e-05 2.90183e-05 1.248e-05 1.30158e-05
193 9.23821e-05 4.17554e-05 4.43233e-05 2.96308e-05 1.28371e-05 1.30167e-05
197 9.72533e-05 4.3705e-05 4.76242e-05 3.05917e-05 1.31883e-05 1.37608e-05
