V1 12.0 1 2
R1 100.0 2 3
R2 220.0 3 4
R3 330.0 4 5
R4 470.0 6 7
R5 150.0 7 8
V2 5.0 8 9
R6 100.0 9 10
R7 50.0 11 12
R8 75.0 12 13
R9 120.0 13 14
R10 200.0 14 15
R11 300.0 16 17
R12 10.0 17 18
R13 20.0 18 19
V3 24.0 19 20
R14 1000.0 21 22
R15 2000.0 22 23
R16 3300.0 23 24
R17 4700.0 24 25
R18 100.0 1 6
R19 220.0 2 7
R20 330.0 3 8
R21 470.0 4 9
R22 150.0 5 10
R23 100.0 6 11
R24 50.0 7 12
R25 75.0 8 13
R26 120.0 9 14
R27 200.0 10 15
R28 300.0 11 16
R29 10.0 12 17
R30 20.0 13 18
R31 1000.0 14 19
R32 2000.0 15 20
R33 3300.0 16 21
R34 4700.0 17 22
R35 100.0 18 23
R36 220.0 19 24
R37 330.0 20 25
R38 100.0 1 7
R39 220.0 7 13
R40 330.0 13 19
R41 470.0 19 25
R42 150.0 5 9
R43 100.0 9 13
R44 50.0 13 17
R45 75.0 17 21
V4 9.0 3 13
R46 120.0 13 23
R47 200.0 11 7
R48 300.0 15 19
R49 10.0 2 8
R50 20.0 8 14
R51 1000.0 14 20